27
31
21
12
64
36
39
70
41
75
90
56
62
40
39
118
313
254
266
267
138
63
60
90
102
97
77
81
158
177
168
96
156
84
81
52
60
82
174
71
73
131
202
89
84
100
201
91
66
53
87
241
69
66
49
28
46
74
77
71
87
184
201
133
98
141
143
141
226
230
156
239
344
98
117
169
192
57
83
143
245
150
120
77
153
83
83
82
66
43
56
63
112
117
98
114
133
214
261
165
138
98
87
99
107
96
89
95
112
150
150
142
160
136
200
263
82
110
101
75
165
99
84
76
101
136
125
76
117
233
199
102
76
97
111
77
102
189
190
135
169
238
280
158
127
108
231
459
201
386
478
147
101
120
114
147
250
137
183
187
228
70
204
143
228
70
79
132
590
163
99
210
124
140
205
134
234
254
92
165
652
303
274
257
139
237
258
200
157
236
127
98
66
103
202
178
148
164
170
85
126
196
328
218
157
63
73
103
184
202
235
198
150
147
170
76
114
192
309
104
144
270
119
145
117
198
248
125
178
198
279
281
238
243
270
103
176
224
99
175
282
90
144
204
84
111
115
122
82
105
149
152
175
211
127
145
142
159
126
122
129
129
131
167
166
213
203
202
237
252
247
332
179
129
101
126
121
79
121
191
126
210
311
192
225
246
205
216
251
130
177
220
136
204
288
168
194
186
101
117
84
92
119
126
173
182
165
238
135
209
262
192
240
165
232
166
181
218
157
226
137
199
259
159
216
179
216
235
195
240
185
252
258
207
273
174
238
300
210
251
199
207
259
194
241
248
188
193
156
174
166
183
152
191
124
182
188
238
138
210
232
198
244
207
274
282
197
257
171
238
284
216
266
167
227
139
171
139
189
225
184
215
181
207
214
271
192
230
294
211
247
233
286
320
260
269
244
320
200
235
313
118
217
289
175
220
274
189
225
232
214
267
231
280
281
246
298
307
247
321
319
288
348
276
292
285
376
218
279
331
181
257
339
189
259
313
155
227
276
207
268
356
262
306
376
199
216
280
198
259
331
379
243
307
345
214
242
305
221
290
350
238
290
323
264
296
301
212
362
294
176
202
248
142
184
266
129
265
264
168
185
253
118
166
218
115
165
257
121
183
263
131
181
253
137
208
272
182
270
282
272
336
229
319
352
276
315
295
352
268
324
360
310
338
345
358
378
354
305
358
254
338
405
313
287
371
410
317
403
250
354
421
287
328
240
268
266
352
262
326
240
305
343
265
351
246
318
247
309
355
289
373
288
324
325
300
337
266
383
217
315
368
274
311
176
231
304
193
217
153
152
159
101
129
141
144
194
259
248
287
292
225
282
341
330
288
318
403
277
233
156
191
201
192
243
310
394
427
284
353
80
111
198
326
200
338
421
114
142
310
106
160
224
295
165
190
130
147
146
181
151
160
156
117
161
194
97
142
196
105
112
136
213
273
193
125
158
194
232
475
328
288
371
360
104
101
401
166
350
633
498
412
204
324
404
301
347
165
258
375
524
333
414
270
216
189
258
272
306
400
424
387
254
362
402
348
309
379
341
345
425
310
413
351
433
252
356
428
510
262
293
227
266
324
349
430
418
320
355
430
292
390
281
360
320
367
382
441
315
390
306
402
281
291
339
350
373
284
341
374
235
305
346
272
326
359
348
357
430
400
363
361
312
274
306
267
268
320
301
244
293
316
322
320
372
334
274
313
313
309
282
311
323
346
389
310
341
382
309
390
372
428
346
396
465
556
427
311
190
241
284
306
325
342
333
343
387
342
410
339
464
433
588
375
427
378
340
422
293
312
294
336
366
364
408
304
387
382
251
293
306
386
466
513
566
492
394
469
493
333
520
366
377
446
449
333
99
124
160
385
319
356
396
464
580
380
400
327
250
359
610
730
592
564
374
274
358
374
132
170
211
318
672
490
466
323
179
329
299
303
393
476
535
418
399
298
364
337
335
412
423
330
392
472
524
503
503
629
405
470
467
586
523
447
471
530
598
460
497
596
462
506
536
555
475
498
590
498
535
567
511
534
523
444
355
366
381
399
375
428
472
386
408
445
354
471
533
362
429
414
303
397
424
328
379
454
332
398
426
318
371
413
446
439
476
423
505
449
459
507
356
381
468
299
318
408
509
219
402
556
352
400
411
353
421
490
269
344
446
320
431
553
637
310
457
372
377
232
313
415
602
389
351
465
413
424
413
421
390
381
516
385
449
614
334
407
469
320
392
446
348
411
469
539
540
521
483
559
568
614
456
530
415
493
572
523
547
461
471
486
416
487
406
450
522
549
617
386
477
548
466
501
595
474
551
664
635
726
462
580
693
453
510
606
590
582
570
576
634
557
549
486
424
444
536
632
260
443
495
630
464
448
436
452
488
349
426
460
499
354
434
470
354
379
467
483
437
552
319
418
545
309
355
431
362
380
431
388
489
546
612
436
412
538
519
533
532
448
411
554
638
389
381
488
631
645
478
402
406
447
410
497
538
364
415
497
547
522
491
430
529
529
632
447
437
506
600
674
671
654
596
566
536
569
615
533
622
782
550
556
417
567
610
536
615
360
419
482
343
459
591
461
522
682
549
593
392
440
464
472
544
543
594
491
334
397
380
350
450
503
450
543
396
499
503
520
425
398
461
564
589
444
469
502
555
365
503
643
472
562
531
436
465
562
441
564
637
519
467
565
608
601
574
477
456
414
492
502
652
389
312
344
402
462
555
407
560
679
414
466
606
415
491
510
517
678
478
448
454
598
308
398
520
421
147
435
140
114
331
392
467
531
543
648
379
565
632
375
481
363
389
551
502
548
640
554
463
494
456
521
519
468
556
473
593
659
511
512
556
442
458
596
638
574
586
618
614
445
471
427
439
496
565
476
618
336
460
275
413
518
391
410
366
412
489
517
441
416
499
536
594
693
492
519
478
577
520
383
443
470
443
524
571
446
531
590
584
547
633
534
609
426
451
436
358
367
456
428
534
570
599
295
327
382
448
591
395
254
303
358
407
448
444
544
387
439
473
526
528
636
619
620
619
417
491
600
460
489
555
427
519
610
663
464
521
527
365
458
523
530
618
582
575
408
488
641
518
561
597
535
555
553
522
580
346
463
566
576
613
530
518
552
604
523
566
448
521
625
393
474
565
370
429
590
434
333
496
550
371
331
375
468
508
505
432
506
496
529
603
298
352
415
455
477
492
542
495
593
464
473
425
414
560
504
299
361
433
506
596
524
685
494
563
172
451
534
348
497
670
550
622
500
495
580
457
566
457
500
674
242
379
437
590
417
540
659
831
408
448
567
637
333
420
421
417
286
389
448
512
367
349
414
573
719
409
596
668
461
380
457
578
389
445
458
216
339
331
460
267
381
490
505
444
501
459
542
381
341
393
432
434
546
358
354
394
423
538
684
384
434
462
621
724
649
551
448
435
352
389
442
535
435
526
679
717
537
517
558
627
720
763
633
603
584
607
516
554
565
641
670
492
572
701
635
696
500
611
692
369
494
547
623
636
672
145
486
589
639
648
715
540
571
485
612
615
398
480
520
514
500
485
382
491
572
427
498
468
502
524
387
465
444
537
506
582
593
616
520
404
523
486
582
686
539
617
791
778
648
700
619
627
624
692
569
678
691
457
477
529
580
663
775
498
398
519
669
419
650
569
537
492
456
379
481
559
534
538
485
513
366
399
464
598
520
421
511
470
394
436
461
469
489
512
588
553
602
718
772
760
790
561
626
556
599
792
614
539
585
683
684
731
733
546
489
581
680
548
592
587
505
611
528
423
530
607
777
541
602
563
523
634
670
477
542
440
492
640
600
481
536
402
417
463
523
495
579
400
430
510
508
676
764
418
521
433
457
460
559
545
545
376
359
405
460
638
280
334
424
416
362
412
502
206
410
464
597
452
550
421
499
582
533
644
678
783
466
515
581
632
676
700
794
688
642
460
558
710
531
542
634
677
690
759
715
549
431
402
482
535
534
581
788
550
547
521
625
779
755
598
592
638
469
580
596
548
627
526
363
516
559
640
574
556
590
640
379
455
571
715
782
778
778
695
741
493
444
442
535
654
599
608
491
604
649
713
569
693
482
530
538
613
648
555
481
581
557
617
600
611
616
649
682
727
494
525
565
629
671
501
533
623
480
600
358
387
442
555
565
548
660
499
545
645
708
530
586
610
646
494
515
622
717
568
754
770
618
478
495
500
597
556
490
602
712
479
496
389
419
522
366
489
529
592
638
586
781
696
639
503
556
554
589
624
746
709
659
629
458
564
497
467
583
359
485
564
699
756
688
408
462
534
617
622
609
374
493
568
443
494
485
578
584
592
592
402
312
335
469
467
396
455
490
646
616
329
365
580
617
349
490
559
507
501
388
292
454
412
361
547
523
334
476
435
430
560
550
324
415
517
448
373
480
585
418
347
368
482
625
445
377
503
643
402
507
355
454
640
445
544
592
543
335
403
494
383
357
536
656
466
577
263
309
366
448
496
487
435
524
453
429
503
421
462
346
446
423
482
326
486
522
524
504
539
395
529
371
498
648
714
649
584
439
390
507
443
532
546
422
455
565
685
711
831
392
507
553
433
464
481
493
539
595
304
418
482
627
537
542
580
374
415
296
395
515
520
467
558
581
399
466
358
488
516
440
432
352
385
466
479
516
407
403
498
328
452
506
523
411
484
633
304
307
304
401
530
672
430
486
452
551
449
341
285
309
201
252
351
453
536
418
423
451
512
576
601
426
448
536
375
414
310
329
420
435
387
481
358
361
440
476
354
280
350
385
498
598
456
580
724
632
456
315
380
459
519
597
393
402
467
381
428
522
586
675
492
587
633
678
800
748
605
456
394
467
610
500
419
464
576
485
499
357
367
435
446
469
558
595
521
415
379
453
305
382
434
470
374
451
527
388
411
381
436
399
359
445
541
550
572
274
314
340
490
537
492
429
470
545
423
333
387
489
587
601
503
570
477
416
402
402
441
341
425
559
533
537
448
474
514
363
433
348
346
370
334
374
442
428
415
365
456
304
370
310
424
392
451
444
394
440
397
413
454
494
347
368
422
437
410
451
402
389
446
544
324
370
395
579
494
454
456
464
441
505
531
552
560
504
600
410
479
430
421
487
474
407
610
390
410
452
464
517
464
397
475
526
414
237
359
466
458
532
638
573
540
618
684
786
528
580
412
477
500
375
412
454
445
457
536
487
525
345
419
508
491
577
427
548
680
485
482
589
608
630
488
310
414
513
605
621
469
661
727
440
506
950
734
401
517
594
661
383
533
455
365
467
560
421
275
369
451
391
778
460
459
393
376
443
450
481
345
440
383
301
368
427
513
560
495
487
580
495
559
295
377
498
626
517
548
578
684
315
410
521
740
794
707
391
486
492
534
390
462
505
423
458
494
478
463
602
508
485
501
491
509
605
697
716
719
583
699
690
754
536
528
507
566
681
736
655
618
485
591
641
585
701
705
444
530
683
635
576
685
533
586
715
592
644
429
520
653
780
515
493
579
716
726
456
524
413
494
554
536
639
722
713
782
436
510
568
639
513
489
531
521
613
676
407
457
418
465
548
695
782
531
450
507
550
547
713
333
431
514
634
719
783
528
578
712
778
780
644
647
558
542
639
765
782
766
730
752
561
713
633
697
544
616
515
670
778
562
741
776
761
377
452
579
601
592
688
425
480
588
620
781
723
253
525
627
610
713
782
447
506
635
769
778
709
606
667
731
592
622
709
498
617
206
539
630
458
573
443
454
600
638
768
622
541
647
645
680
485
540
567
446
492
265
498
578
464
566
636
184
603
792
606
586
625
648
636
763
746
798
603
412
521
674
723
672
653
614
678
449
615
788
444
566
475
566
435
530
578
622
727
560
716
562
607
725
535
501
619
668
599
511
589
634
655
488
566
504
578
483
382
391
472
538
601
327
348
461
292
414
436
495
622
638
597
659
528
596
610
571
591
584
589
661
398
428
529
592
718
648
499
615
618
636
535
619
706
603
360
425
546
619
655
606
621
577
444
519
640
633
694
422
184
315
383
448
499
610
697
633
419
486
198
390
506
598
395
430
520
534
464
463
501
453
417
418
488
459
458
553
379
262
327
450
455
303
347
377
454
399
381
402
364
440
482
316
411
428
445
389
514
455
495
406
438
475
543
513
404
495
594
315
383
388
456
349
370
356
454
495
342
403
407
477
458
464
364
420
502
540
627
537
633
706
310
543
617
328
363
401
348
423
423
333
345
429
315
334
399
577
288
305
331
524
457
375
443
506
561
585
310
351
433
511
501
484
545
443
451
369
433
391
487
441
375
449
525
536
533
351
429
497
512
378
305
331
404
382
436
370
394
500
481
276
338
394
485
607
524
437
498
479
432
533
464
370
283
322
408
524
395
455
309
353
490
623
373
381
471
509
377
505
449
409
499
411
445
342
409
483
581
555
498
445
510
522
488
488
431
310
427
367
348
351
